1424101872979334
1834554746425044
3601162316365666
4233118545722975
4202179461160353
9110904538622904
2337879600673235
4441300244132062
6007170861364505
8004115212452443
9751396998839891
3152087403589196
6097590204559486
6501251348101992
6256329236049023
0024742046115117
5493860066707493
7857887485798126
3855871787564863
1580233016166602
9995999792936974
2642984127349116
2346253198408147
6253872119412960
1596158070505176
0332629116851659
6961690465575500
6350522888412673
2208549669049798
8525984607676110
